Start: 1674744766.6509855
End: 1674746771.793199
Total Time: 2005.1422135829926
