Start: 1674634664.4252677
End: 1674657610.3792648
Total Time: 22945.953997135162
