Start: 1673953596.1411653
End: 1673953637.364495
Total Time: 41.22332978248596
