Start: 1677239454.5843217
End: 1677286627.4347184
Total Time: 47172.85039663315
