Start: 1674051399.1999726
End: 1674051749.3767529
Total Time: 350.17678022384644
