Start: 1673884808.6142275
End: 1673884829.4136887
Total Time: 20.799461126327515
